# NBs       NBID        RA          DEC               F_Lya          dF_Lya      EW_rest       fuv            dfuv   U-B   Type   SpatialWeight
    466      2      52.8792838     -28.0423572       1.768e-16       1.045e-17   33.32       9.605e-30       2.643e-31    0.80  N    0.82
    466      5      52.9921997     -28.0357041       3.646e-17       7.669e-18   32.35       2.041e-30       1.834e-31    1.25  N    0.98
    466      6      53.3925621     -28.0309908       3.099e-17       9.553e-18   29.88       1.878e-30       7.093e-31    1.11  N    0.71
    466      9      53.1966205     -28.0256452       3.183e-17       6.732e-18   29.04       1.984e-30       2.040e-31    0.41  N    0.74
    466     11      53.2864360     -28.0242694       6.170e-17       6.340e-18   54.08       2.066e-30       1.998e-31    0.83  N    1.06
    466     17      52.9774181     -27.9870034       4.368e-17       4.957e-18   30.25       2.615e-30       1.573e-31    0.85  N    1.47
    466     21      52.8472636     -27.9788024       3.996e-17       5.071e-18   35.33       2.048e-30       1.722e-31    3.04  N    1.36
    466     24      53.3018722     -27.9688682       3.244e-17       5.746e-18 9000.00       6.527e-33       1.786e-31   -1.20  N    2.08
    466     26      53.3117854     -27.9636194       2.630e-16       7.083e-18   53.91       8.833e-30       2.108e-31    0.65  X    2.16
    466     27      52.8504778     -27.9608703       5.561e-17       4.910e-18  126.13       7.983e-31       1.573e-31    1.19  N    1.34
    466     28      53.0820130     -27.9566657       3.001e-17       5.785e-18 1459.70       3.722e-32       2.006e-31   -0.08  N    0.90
    466     34      53.2603845     -27.9360594       3.208e-17       5.496e-18  164.75       3.525e-31       1.725e-31    0.46  N    1.93
    466     42      53.0250007     -27.9129718       4.796e-17       5.387e-18   49.36       1.759e-30       1.644e-31    0.52  N    1.85
    466     43      53.1853217     -27.9102215       3.543e-17       5.423e-18 9000.00       7.127e-33       1.553e-31    0.23  N    1.55
    466     47      53.1811791     -27.9025233       1.083e-16       9.048e-18   41.26       4.755e-30       2.566e-31    0.36  N    1.60
    466     49      53.3176638     -27.8995262       5.905e-17       5.623e-18  195.69       5.464e-31       2.212e-31    0.66  N    5.45
    466     50      53.3154482     -27.8984731       8.697e-17       8.997e-18   52.68       2.989e-30       3.373e-31    0.46  N    5.45
    466     54      53.3751646     -27.8920469       1.239e-16       1.500e-17 9000.00       2.494e-32       1.322e-30    0.63  N    4.02
    466     56      52.9534890     -27.8929363       1.048e-16       1.044e-17   89.31       2.124e-30       3.371e-31    0.87  N    1.28
    466     58      53.3166361     -27.8887937       1.039e-16       1.059e-17  156.07       1.205e-30       4.631e-31    0.38  N    5.86
    466     59      53.3214293     -27.8879438       5.383e-17       5.866e-18   38.40       2.539e-30       2.853e-31    0.42  N    5.98
    466     60      53.3197855     -27.8879128       7.194e-17       8.423e-18   41.63       3.129e-30       4.168e-31    1.15  N    5.96
    466     63      53.3711277     -27.8765732       5.616e-17       7.363e-18   99.48       1.022e-30       2.527e-31    1.00  N    4.74
    466     64      52.8563347     -27.8759354       3.983e-17       1.022e-17   32.49       2.219e-30       8.036e-31    0.94  N    0.83
    466     65      53.3457349     -27.8763443       1.232e-16       9.939e-18   53.40       4.177e-30       3.035e-31    1.01  N    5.90
    466     67      53.0975637     -27.8698075       4.569e-17       6.871e-18 9000.00       9.191e-33       2.327e-31   -0.58  N    3.55
    466     68      53.1123048     -27.8681047       3.108e-17       5.538e-18  436.75       1.288e-31       2.004e-31    2.41  N    3.17
    466     69      53.0264809     -27.8680305       1.350e-16       9.213e-18   91.66       2.667e-30       2.860e-31    0.41  N    3.74
    466     70      53.0268474     -27.8655360       7.628e-17       7.099e-18  582.78       2.370e-31       2.253e-31    0.69  N    3.85
    466     75      53.3116127     -27.8609039       3.711e-17       6.990e-18   34.54       1.945e-30       2.304e-31    0.39  N    5.43
    466     76      53.3279345     -27.8559386       3.658e-17       7.347e-18   36.77       1.801e-30       2.366e-31    0.89  N    5.44
    466     77      53.3708200     -27.8548828       3.423e-17       7.147e-18   40.27       1.539e-30       2.329e-31    1.16  N    4.45
    466     78      53.2848008     -27.8518752       5.461e-17       4.748e-18   34.59       2.858e-30       1.650e-31    0.71  N    4.09
    466     80      53.4081075     -27.8484258       1.106e-16       9.420e-18   41.16       4.866e-30       6.407e-31    0.77  N    2.78
    466     82      53.0511144     -27.8483019       4.681e-17       6.073e-18   57.66       1.470e-30       1.995e-31    0.52  N    4.91
    466     84      53.1074011     -27.8440951       3.413e-17       5.341e-18   76.62       8.066e-31       2.059e-31    0.53  N    3.85
    466     86      53.0573457     -27.8408359       4.057e-17       7.667e-18   29.18       2.517e-30       2.608e-31    0.61  N    5.05
    466     87      53.4070098     -27.8375462       1.377e-16       1.445e-17  171.44       1.454e-30       8.788e-31    0.53  N    2.64
    466     88      53.0842882     -27.8380864       4.779e-17       6.522e-18   20.86       4.149e-30       2.250e-31    0.44  N    4.70
    466     90      53.2503628     -27.8268694       3.885e-17       7.180e-18   34.56       2.035e-30       2.434e-31    0.42  N    3.49
    466     92      53.0044169     -27.8246148       3.734e-17       6.582e-18 3869.22       1.747e-32       2.835e-31   -1.31  N    3.96
    466     95      52.9154140     -27.8185907       3.032e-17       6.331e-18   29.51       1.861e-30       2.053e-31    0.69  N    2.96
    466     96      53.0862981     -27.8187035       7.127e-17       9.069e-18   41.98       3.074e-30       2.910e-31    0.32  N    4.26
    466     97      52.9945326     -27.8173929       2.962e-17       6.680e-18   22.13       2.423e-30       3.184e-31    1.31  N    3.79
    466    105      53.0516303     -27.8045708       1.730e-16       8.694e-18   48.77       6.422e-30       2.622e-31    0.84  N    4.20
    466    110      53.2857206     -27.7952443       3.124e-17       6.076e-18 1988.35       2.845e-32       1.972e-31    0.93  N    4.49
    466    114      52.9100749     -27.7932610       8.012e-17       5.780e-18  143.98       1.008e-30       1.785e-31    1.28  N    3.57
    466    116      53.2485933     -27.7905439       7.703e-17       1.055e-17   26.44       5.275e-30       3.121e-31    0.38  N    4.99
    466    117      53.2687268     -27.7890035       3.161e-17       7.105e-18   72.10       7.938e-31       2.282e-31    0.34  N    4.94
    466    118      52.9309416     -27.7896325       7.141e-17       1.373e-17   20.25       6.386e-30       4.188e-31    0.99  N    4.15
    466    122      53.3456041     -27.7851982       1.161e-16       7.773e-18  166.08       1.266e-30       2.522e-31    0.63  N    2.31
    466    123      52.9545430     -27.7847075       3.398e-17       6.179e-18   72.44       8.494e-31       1.981e-31    0.31  N    4.13
    466    125      53.4046758     -27.7821771       3.002e-17       3.771e-18   73.33       7.412e-31       1.253e-31    0.68  N    1.34
    466    126      53.3057597     -27.7827041       1.096e-16       7.852e-18   27.87       7.122e-30       2.503e-31    0.75  N    3.67
    466    131      53.1693168     -27.7783260       7.437e-17       8.715e-18 9000.00       1.496e-32       2.535e-31    1.06  N    4.00
    466    132      53.2567283     -27.7779972       8.634e-17       1.185e-17  105.15       1.487e-30       3.630e-31    0.94  N    5.01
    466    134      53.1571923     -27.7774126       2.910e-17       5.987e-18   54.96       9.588e-31       1.809e-31    0.36  N    3.78
    466    136      53.1712163     -27.7737214       3.240e-17       4.910e-18 9000.00       6.519e-33       1.447e-31   -1.16  N    4.06
    466    137      53.1380923     -27.7720878       4.750e-17       4.946e-18   63.47       1.355e-30       1.528e-31    0.74  N    3.21
    466    143      53.2327505     -27.7663645       3.283e-17       7.471e-18   30.49       1.949e-30       2.256e-31    0.52  N    4.65
    466    145      53.2616215     -27.7635411       3.086e-17       5.420e-18  474.14       1.179e-31       1.701e-31    0.71  N    4.51
    466    146      53.1732427     -27.7630462       2.998e-17       5.960e-18   91.12       5.957e-31       1.703e-31    0.34  N    3.97
    466    154      52.8608520     -27.7421936       1.266e-16       1.122e-17   30.41       7.539e-30       5.611e-31    2.84  N    2.51
    466    155      52.8629621     -27.7417904       1.151e-16       1.119e-17   39.88       5.228e-30       4.995e-31    3.93  N    2.56
    466    156      52.8693492     -27.7470733       1.653e-16       1.500e-17   42.07       7.112e-30       5.418e-31    1.13  N    2.71
    466    158      52.9456339     -27.7361590       3.584e-17       8.501e-18   29.75       2.181e-30       2.728e-31    0.77  N    3.26
    466    162      52.9616972     -27.7274072       3.266e-17       3.975e-18  122.68       4.821e-31       1.257e-31    0.99  N    2.90
    466    164      53.2124261     -27.7273041       5.073e-17       5.758e-18   39.60       2.319e-30       1.573e-31    0.71  N    2.80
    466    174      53.3309539     -27.7082214       8.938e-17       1.525e-17   23.88       6.777e-30       5.895e-31    1.07  N    3.73
    466    175      53.3065292     -27.7060328       3.365e-17       4.567e-18   81.44       7.482e-31       1.513e-31    1.15  N    3.52
    466    178      53.2065661     -27.7032243       1.736e-16       9.943e-18   70.78       4.442e-30       2.984e-31    0.64  N    1.75
    466    179      53.3235109     -27.7016499       3.077e-17       7.070e-18  246.50       2.261e-31       3.442e-31   -0.20  N    3.93
    466    183      53.3412731     -27.6915177       3.534e-17       7.399e-18   43.24       1.480e-30       2.345e-31    1.21  N    3.88
    466    184      52.9429316     -27.6920107       3.741e-17       7.883e-18   32.70       2.072e-30       2.803e-31    0.85  N    3.09
    466    186      52.9165384     -27.6877209       4.289e-17       7.551e-18   32.43       2.394e-30       2.667e-31    1.10  N    3.36
    466    187      52.9937700     -27.6813912       5.117e-17       9.224e-18   24.05       3.853e-30       3.152e-31    0.98  N    1.72
    466    190      53.3448750     -27.6705963       3.278e-17       5.469e-18 9000.00       6.594e-33       1.623e-31   -1.42  N    3.42
    466    191      53.3222733     -27.6710257       3.201e-17       6.054e-18   29.87       1.940e-30       1.790e-31    1.23  N    3.58
    466    192      52.9202414     -27.6706542       5.607e-17       5.517e-18   21.57       4.706e-30       1.972e-31    0.94  N    3.21
    466    194      53.3342708     -27.6685444       3.400e-17       4.698e-18   65.29       9.429e-31       1.399e-31    0.72  N    3.53
    466    195      53.0804866     -27.6657693       6.604e-17       9.471e-18   54.68       2.187e-30       4.624e-31    0.60  N    2.27
    466    196      53.0774401     -27.6655799       5.685e-17       1.016e-17   23.50       4.380e-30       4.932e-31    0.86  N    2.27
    466    198      53.0861871     -27.6573615       4.633e-17       8.870e-18  493.20       1.701e-31       4.305e-31   -0.72  N    2.31
    466    201      52.8816972     -27.6544201       3.336e-16       2.735e-17 9000.00       6.711e-32       3.284e-30    0.56  N    2.87
    466    202      52.8790273     -27.6542216       1.597e-16       1.672e-17   39.89       7.250e-30       2.351e-30    2.04  N    2.81
    466    203      52.8799154     -27.6548927       5.783e-16       3.392e-17  252.99       4.139e-30       4.533e-30    1.55  N    2.84
    466    208      53.0797384     -27.6075672       5.594e-17       9.089e-18   30.28       3.345e-30       2.922e-31    0.83  N    2.04
    466    210      53.0127423     -27.6003879       9.753e-17       1.353e-17   44.69       3.951e-30       4.511e-31    0.36  N    1.78
    466    211      52.9953681     -27.5878089       5.449e-16       7.789e-18   45.53       2.167e-29       2.667e-31    0.92  X    1.53
    466    212      53.0920541     -27.5760541       6.499e-17       1.019e-17   32.13       3.663e-30       3.446e-31    0.68  N    1.60
    466    213      53.0507897     -27.5546436       3.353e-17       6.685e-18   20.56       2.952e-30       2.193e-31    0.87  N    1.50
    470      3      53.3806751     -28.0411973       6.126e-17       7.687e-18 9000.00       1.222e-32       2.933e-31   -0.59  N    1.24
    470      8      53.1547284     -27.9960652       6.431e-17       5.664e-18   43.18       2.674e-30       2.086e-31    0.64  N    1.82
    470     10      53.1719680     -27.9781355       4.693e-17       8.034e-18   23.06       3.654e-30       2.619e-31    0.39  N    2.16
    470     11      53.0375375     -27.9798103       9.673e-17       7.400e-18   26.43       6.571e-30       2.580e-31    0.35  N    1.62
    470     13      53.0275972     -27.9701119       3.467e-17       6.991e-18   26.78       2.324e-30       2.320e-31    0.64  N    1.75
    470     17      52.9387377     -27.9663149       1.018e-16       8.626e-18  135.53       1.348e-30       3.000e-31    0.62  N    1.33
    470     19      53.2664328     -27.9625375       3.172e-17       6.819e-18   28.49       1.998e-30       2.420e-31    0.76  N    1.11
    470     25      53.4067365     -27.9525053       6.964e-17       8.391e-18   55.51       2.252e-30       2.894e-31    1.03  N    0.70
    470     28      53.1667080     -27.9453892       1.977e-16       8.071e-18   76.77       4.623e-30       2.784e-31    0.30  N    2.35
    470     29      52.9457312     -27.9421021       3.685e-17       6.078e-18  120.28       5.500e-31       2.186e-31    0.41  N    1.61
    470     31      53.1652454     -27.9382735       6.084e-17       6.068e-18   85.99       1.270e-30       1.914e-31    0.76  N    2.26
    470     32      53.2650626     -27.9210265       3.156e-17       6.044e-18   72.51       7.814e-31       2.167e-31    0.90  N    1.35
    470     34      53.0214564     -27.9089684       5.090e-17       5.006e-18   87.03       1.050e-30       1.704e-31    0.84  N    2.35
    470     35      53.0136017     -27.9032380       9.699e-17       1.022e-17   26.96       6.457e-30       3.597e-31    0.31  N    2.33
    470     36      53.3098262     -27.8980410       3.215e-17       6.689e-18   67.05       8.607e-31       2.323e-31    0.53  N    1.19
    470     38      53.0770881     -27.8956909       3.461e-17       4.310e-18  228.05       2.724e-31       1.508e-31    0.56  N    1.69
    470     39      52.9330561     -27.8896067       4.117e-17       7.637e-18   21.49       3.440e-30       2.660e-31    0.48  N    1.18
    470     41      53.0107109     -27.8828290       5.203e-17       8.393e-18   33.79       2.765e-30       2.884e-31    0.32  N    1.99
    470     47      53.1985764     -27.8614526       5.287e-17       8.226e-18   89.89       1.056e-30       2.673e-31    0.88  N    1.66
    470     51      53.3852211     -27.8328711       3.552e-17       5.462e-18   77.17       8.264e-31       2.025e-31    0.55  N    0.97
    470     56      52.8768960     -27.8187044       3.861e-17       5.224e-18 9000.00       7.701e-33       1.633e-31   -1.69  N    1.37
    470     65      53.1448548     -27.7999194       5.122e-17       4.793e-18  109.42       8.403e-31       1.697e-31    1.53  N    3.40
    470     67      53.2005282     -27.7985650       1.132e-16       1.310e-17   79.23       2.566e-30       4.367e-31    0.52  N    3.31
    470     70      53.1014859     -27.7927251       2.930e-17       3.924e-18   71.42       7.366e-31       1.505e-31    0.74  N    3.12
    470     71      53.1362325     -27.7874855       1.042e-16       9.091e-18 9000.00       2.079e-32       3.286e-31   -1.15  N    3.67
    470     72      53.0782559     -27.7869727       9.825e-17       6.472e-18   99.11       1.780e-30       2.221e-31    1.28  N    2.72
    470     76      53.1952096     -27.7793245       1.435e-16       1.175e-17   90.60       2.843e-30       3.735e-31    0.65  N    3.84
    470     81      53.1752847     -27.7690953       2.936e-17       5.777e-18   73.52       7.170e-31       1.815e-31    0.80  N    4.05
    470     89      53.0967606     -27.7485708       6.864e-17       7.941e-18   54.67       2.254e-30       2.736e-31    0.84  N    3.53
    470     91      52.8577122     -27.7437648       2.945e-17       5.434e-18  217.03       2.436e-31       3.519e-31   -0.07  N    0.75
    470     92      53.1716426     -27.7434085       3.288e-17       6.406e-18   43.09       1.370e-30       2.022e-31    0.32  N    3.29
    470     93      53.2130871     -27.7421468       4.359e-17       7.751e-18   33.14       2.361e-30       2.431e-31    5.62  N    2.86
    470    100      53.0947402     -27.7295163       3.498e-17       3.666e-18  154.32       4.069e-31       1.277e-31    0.35  N    3.37
    470    101      53.3346910     -27.7291497       7.914e-17       6.042e-18  103.91       1.367e-30       2.015e-31    1.32  N    1.54
    470    105      53.3116818     -27.7278534       2.472e-16       1.658e-17  200.73       2.211e-30       5.394e-31    0.78  N    1.79
    470    108      53.2034100     -27.7161102       3.283e-17       6.226e-18   45.68       1.290e-30       1.939e-31    1.06  N    2.10
    470    111      53.0564151     -27.7094383       4.285e-17       3.782e-18 1162.79       6.616e-32       1.274e-31    0.48  N    3.51
    470    112      53.2837071     -27.7077209       4.114e-17       6.444e-18   40.29       1.833e-30       2.201e-31    0.44  N    1.83
    470    117      53.0605323     -27.6986174       3.015e-17       5.454e-18   45.96       1.177e-30       1.866e-31    3.07  N    3.56
    470    121      53.0732403     -27.6854099       4.827e-17       7.261e-18   38.18       2.269e-30       2.677e-31    0.41  N    3.23
    470    124      53.4016260     -27.6744516       5.912e-17       8.145e-18 9000.00       1.179e-32       2.712e-31   -0.66  N    0.71
    470    129      53.0444373     -27.6740328       3.322e-17       4.349e-18  101.29       5.888e-31       1.698e-31    0.56  N    2.78
    470    133      53.2820227     -27.6687017       4.425e-17       5.318e-18 9000.00       8.826e-33       1.635e-31   -1.48  N    1.22
    470    136      53.0845200     -27.6318722       4.312e-17       4.706e-18  123.22       6.282e-31       1.650e-31    1.00  N    1.59
    470    139      52.8689787     -27.6054437       3.144e-17       7.297e-18   25.35       2.227e-30       2.667e-31    1.42  N    0.81
    470    142      53.0844835     -27.5890927       3.677e-17       4.903e-18   61.21       1.078e-30       1.705e-31    0.54  N    1.25
    470    146      52.9093939     -27.5586333       5.395e-17       6.808e-18  103.63       9.346e-31       2.464e-31    3.55  N    0.82
    470    147      53.0395925     -27.5626656       4.474e-17       4.759e-18   46.43       1.730e-30       1.681e-31    0.77  N    0.99
    475      2      53.0618792     -28.0469748       4.064e-17       8.465e-18   34.08       2.118e-30       2.494e-31    1.19  N    1.69
    475      3      53.1276510     -28.0444988       6.609e-17       6.946e-18   56.15       2.091e-30       2.813e-31    1.24  N    1.44
    475      6      53.1312373     -28.0380513       4.267e-17       8.825e-18   34.99       2.166e-30       4.030e-31    1.03  N    1.44
    475      8      53.3850008     -28.0262955       6.106e-17       7.863e-18   76.00       1.427e-30       3.479e-31    0.84  N    0.55
    475      9      53.0462044     -28.0225687       6.904e-17       8.588e-18   80.44       1.525e-30       2.414e-31    0.76  N    1.79
    475     10      53.0573592     -28.0216327       3.958e-17       4.716e-18  151.43       4.643e-31       1.340e-31    1.54  N    1.84
    475     12      52.9055256     -28.0165598       4.688e-17       5.033e-18  101.30       8.221e-31       1.424e-31    0.61  N    0.65
    475     14      52.9918979     -27.9998769       3.025e-17       7.153e-18   21.03       2.555e-30       2.271e-31    1.56  N    0.96
    475     16      53.1319222     -27.9715771       3.415e-17       6.164e-18   31.39       1.932e-30       2.419e-31    0.94  N    0.78
    475     26      52.8728943     -27.9427427       3.258e-17       5.970e-18   28.13       2.057e-30       2.149e-31    1.54  N    0.86
    475     31      53.0383898     -27.9141558       4.053e-17       5.867e-18   28.41       2.534e-30       2.182e-31    0.53  N    0.59
    475     33      52.9111707     -27.9062251       4.957e-17       6.164e-18   25.18       3.497e-30       2.336e-31    2.00  N    0.94
    475     39      53.3727082     -27.8778773       4.783e-17       8.421e-18   21.00       4.046e-30       5.962e-31    0.38  N    1.10
    475     40      53.3686923     -27.8743486       4.175e-17       6.207e-18  103.53       7.163e-31       3.035e-31    0.60  N    1.10
    475     41      52.8674635     -27.8708706       1.570e-16       7.550e-18  164.04       1.700e-30       2.976e-31    1.35  N    0.80
    475     45      53.1930866     -27.8480818       4.548e-17       6.430e-18   18.83       4.291e-30       2.419e-31    1.20  N    0.68
    475     53      53.2584817     -27.8233651       5.332e-17       4.770e-18   64.97       1.458e-30       2.029e-31    0.53  N    1.01
    475     67      53.2714117     -27.7887673       2.909e-17       5.042e-18  707.58       7.304e-32       1.976e-31   -0.15  N    1.12
    475     75      52.9534831     -27.7783728       8.442e-17       9.320e-18   42.04       3.567e-30       3.598e-31    0.98  N    1.15
    475     80      52.9774505     -27.7526524       3.300e-17       6.867e-18   30.01       1.953e-30       2.527e-31    0.41  N    1.45
    475     83      52.9978906     -27.7477450       4.846e-17       5.881e-18   54.73       1.573e-30       2.148e-31    0.33  N    1.26
    475     87      53.3195219     -27.7359308       3.754e-17       4.623e-18  105.90       6.296e-31       1.686e-31    0.60  N    1.99
    475     91      53.3112034     -27.7279235       1.658e-16       1.127e-17   76.61       3.845e-30       4.069e-31    0.31  N    1.98
    475     93      53.3692828     -27.7207686       3.492e-17       7.103e-18   22.21       2.793e-30       2.665e-31    2.61  N    2.01
    475     97      53.2402928     -27.7160200       5.776e-17       9.544e-18   38.63       2.656e-30       3.264e-31    0.57  N    0.89
    475     99      53.3858469     -27.7110701       2.944e-17       5.989e-18   46.67       1.120e-30       2.250e-31    0.89  N    1.76
    475    101      53.3314651     -27.7087444       4.350e-17       6.311e-18  390.14       1.981e-31       3.028e-31    0.55  N    2.10
    475    102      52.9133310     -27.7084259       2.958e-17       7.413e-18   25.30       2.077e-30       4.722e-31    0.57  N    0.69
    475    114      53.3820181     -27.6745739       2.951e-17       6.407e-18   44.62       1.175e-30       2.325e-31    0.91  N    1.31
    475    121      53.1843458     -27.6691314       3.050e-17       4.015e-18  254.61       2.128e-31       1.233e-31    1.74  N    0.64
    470      6      52.8450410     -28.0311089       1.917e-16       2.598e-17   25.67       1.340e-29       6.816e-31    1.75  N    0.65
    466     25      52.9582259     -27.9650319       5.619e-17       6.228e-18   84.69       1.201e-30       1.960e-31    1.23  N    1.39
    470     33      53.1164635     -27.9153460       9.771e-17       5.390e-18   71.39       2.457e-30       2.115e-31    0.53  N    1.80
    470     49      53.3395074     -27.8475801       4.024e-17       4.976e-18  123.08       5.869e-31       1.769e-31    0.89  N    1.14
    470     50      53.1923997     -27.8443264       4.255e-17       5.526e-18   80.75       9.460e-31       1.940e-31    0.83  N    2.05
    466    108      52.9381186     -27.8002270       6.455e-17       9.285e-18  731.76       1.597e-31       3.062e-31    0.54  N    4.08
    466    109      53.0393315     -27.8019100       1.713e-15       9.394e-18   30.69       1.010e-28       2.874e-31    1.86  X    4.05
    466    112      53.2220572     -27.7944578       3.599e-17       4.160e-18   71.46       9.120e-31       1.201e-31    0.97  N    4.37
    466    128      52.9575416     -27.7805042       3.056e-17       7.475e-18   41.58       1.331e-30       2.334e-31    0.78  N    4.04
    470     75      53.1989685     -27.7795338       3.391e-17       6.916e-18   23.33       2.610e-30       2.195e-31    0.62  N    3.74
    466    140      53.0492705     -27.7679655       4.651e-17       7.409e-18   46.95       1.793e-30       2.129e-31    1.10  N    2.27
    470     85      53.0869975     -27.7653146       7.929e-17       7.601e-18  295.28       4.820e-31       2.598e-31    0.80  N    3.41
    470    116      53.0471888     -27.7042317       1.713e-16       7.066e-18  139.23       2.208e-30       2.344e-31    1.13  N    3.31
    470    137      52.9807505     -27.6244606       1.186e-16       6.866e-18  188.85       1.127e-30       2.587e-31    2.11  N    0.85
    470      4      53.3994654     -28.0405176       4.064e-17       6.988e-18   30.94       2.358e-30       5.199e-31    1.60  N    1.24
    470     14      53.1061775     -27.9723544       1.550e-16       1.312e-17   20.50       1.357e-29       9.860e-31    0.46  N    1.78
    470     57      52.8767510     -27.8206984       2.060e-16       1.167e-17 5521.19       6.698e-32       3.679e-31    0.58  N    1.37
