LOW,HIGH,I + M  + N_COUNT,Clean_COUNT,I + M_COUNT
19.50374442645419,20.722728453107578,0.0,0.0,0.0
20.722728453107578,22.017898981426804,0.044444444444444446,0.0,0.05555555555555555
22.0178989814268,23.394017667765976,0.08888888888888889,0.024390243902439025,0.1111111111111111
23.394017667765976,24.85614377200135,0.13333333333333333,0.024390243902439025,0.16666666666666666
24.85614377200135,26.409652757751434,0.17777777777777778,0.04878048780487805,0.2222222222222222
26.409652757751434,28.060256055110898,0.26666666666666666,0.04878048780487805,0.3055555555555555
28.060256055110898,29.81402205855533,0.33333333333333337,0.12195121951219512,0.3611111111111111
29.81402205855533,31.67739843721504,0.37777777777777777,0.21951219512195122,0.41666666666666663
31.677398437215036,33.657235839540974,0.4444444444444445,0.2682926829268293,0.5
33.65723583954098,35.76081307951229,0.5111111111111112,0.36585365853658536,0.5833333333333333
35.76081307951229,37.99586389698181,0.5333333333333333,0.36585365853658536,0.611111111111111
37.99586389698181,40.370605390543176,0.6222222222222222,0.41463414634146345,0.7222222222222222
40.37060539054317,42.893768227452114,0.6444444444444445,0.43902439024390244,0.75
42.893768227452114,45.57462874166787,0.7111111111111111,0.43902439024390244,0.8055555555555555
45.57462874166787,48.423043038022115,0.7111111111111111,0.4634146341463415,0.8055555555555555
48.423043038022115,51.4494832278985,0.7333333333333334,0.4634146341463415,0.8333333333333333
51.449483227898504,54.665075929642164,0.7777777777777778,0.4878048780487805,0.8333333333333333
54.66507592964216,58.08164317524479,0.8,0.5365853658536586,0.861111111111111
58.081643175244785,61.71174587369759,0.8,0.5609756097560976,0.861111111111111
61.71174587369759,65.56872999080369,0.8,0.6097560975609756,0.861111111111111
65.56872999080369,69.66677561522891,0.8,0.6097560975609756,0.861111111111111
69.66677561522891,74.02094909118073,0.8222222222222223,0.6585365853658537,0.8888888888888888
74.02094909118073,78.64725840937952,0.8222222222222223,0.6585365853658537,0.8888888888888888
78.64725840937952,83.56271205996573,0.8444444444444444,0.6829268292682927,0.8888888888888888
83.56271205996575,88.7853815637136,0.888888888888889,0.6829268292682927,0.9166666666666666
88.7853815637136,94.3344679114457,0.9333333333333333,0.7073170731707318,0.9444444444444444
94.3344679114457,100.23037215591106,0.9333333333333333,0.7073170731707318,0.9444444444444444
100.23037215591106,106.4947704156555,0.9555555555555556,0.8048780487804879,0.9722222222222222
106.4947704156555,113.15069356663396,0.9555555555555556,0.8048780487804879,0.9722222222222222
113.15069356663398,120.2226119145486,0.9555555555555556,0.8048780487804879,0.9722222222222222
120.2226119145486,127.73652515920789,0.9555555555555556,0.926829268292683,0.9722222222222222
127.73652515920787,135.72005798165836,0.9555555555555556,0.951219512195122,0.9722222222222222
135.72005798165839,144.20256160551205,0.9555555555555556,0.951219512195122,0.9722222222222222
144.20256160551202,153.21522170585652,0.9555555555555556,0.975609756097561,0.9722222222222222
153.21522170585652,162.79117306247255,0.9777777777777779,0.975609756097561,1.0
162.79117306247255,172.96562137887707,1.0,1.0,1.0
172.9656213788771,183.77597271505692,1.0,1.0,1.0
